12.4818 -0.0833 2.8292
12.4818 -0.0833 -2.8292
8.8224 0.4546 -0.0000
12.6479 6.5430 0.0000
13.8046 -3.5029 5.2265
13.8046 -3.5029 -5.2265
9.3330 -0.1426 0.0000
11.4015 -1.5328 0.0000
11.4956 0.6526 1.3629
11.4956 0.6526 -1.3629
13.4803 1.9883 -0.0000
13.5773 -1.1287 1.6497
13.5773 -1.1287 -1.6497
10.9738 -0.0802 0.0000
12.2583 2.3534 7.0722
12.2583 2.3534 1.4138
8.5642 2.1670 4.2430
11.1284 8.8848 4.2430
14.2228 -0.7424 9.4695
14.2228 -0.7424 -0.9835
9.1815 1.6809 4.2430
11.4815 0.7210 4.2430
11.1474 2.8827 5.6059
11.1474 2.8827 2.8801
12.8334 4.5799 4.2430
13.5366 1.5418 5.8927
13.5366 1.5418 2.5933
10.7786 2.0623 4.2430
11.5636 4.6996 2.8292
11.5636 4.6996 -2.8292
7.9769 3.7962 -0.0000
9.1813 10.8851 0.0000
14.0943 2.0466 5.2265
14.0943 2.0466 -5.2265
8.6772 3.4399 0.0000
11.1202 2.9471 0.0000
10.3708 5.0021 1.3629
10.3708 5.0021 -1.3629
11.6933 6.9956 -0.0000
12.9757 4.1531 1.6497
12.9757 4.1531 -1.6497
10.1692 4.1254 0.0000
10.4246 6.8653 7.0722
10.4246 6.8653 1.4138
7.0830 5.2795 4.2430
6.8813 12.4671 4.2430
13.4242 4.7569 9.4695
13.4242 4.7569 -0.9835
7.8393 5.0666 4.2430
10.3316 5.0599 4.2430
9.1957 6.9292 5.6059
9.1957 6.9292 2.8801
10.1038 9.1424 4.2430
11.9162 6.6047 5.8927
11.9162 6.6047 2.5933
9.1689 6.0301 4.2430
8.8849 8.7671 2.8292
8.8849 8.7671 -2.8292
5.9169 6.5598 -0.0000
4.3169 13.5700 0.0000
12.2382 7.2845 5.2265
12.2382 7.2845 -5.2265
6.7003 6.4986 0.0000
9.1460 6.9783 0.0000
7.6672 8.5901 1.3629
7.6672 8.5901 -1.3629
8.1261 10.9379 -0.0000
10.3987 8.8025 1.6497
10.3987 8.8025 -1.6497
7.8163 7.7030 0.0000
7.0038 10.3320 7.0722
7.0038 10.3320 1.4138
4.5235 7.5881 4.2430
1.5865 14.1515 4.2430
10.5820 9.5321 9.4695
10.5820 9.5321 -0.9835
5.3037 7.6809 4.2430
7.6088 8.6285 4.2430
5.8440 9.9208 5.6059
5.8440 9.9208 2.8801
5.8361 12.3131 4.2430
8.4816 10.6620 5.8927
8.4816 10.6620 2.5933
6.1634 9.0799 4.2430
4.8536 11.4998 2.8292
4.8536 11.4998 -2.8292
2.9562 8.3248 -0.0000
-1.2048 14.1891 0.0000
8.5190 11.4133 5.2265
8.5190 11.4133 -5.2265
3.7033 8.5680 0.0000
5.7793 9.9471 0.0000
3.7963 10.8703 1.3629
3.7963 10.8703 -1.3629
3.3218 13.2150 -0.0000
6.2386 12.1119 1.6497
6.2386 12.1119 -1.6497
4.2736 10.1078 0.0000
2.5168 12.2257 7.0722
2.5168 12.2257 1.4138
1.2753 8.7416 4.2430
-3.9498 13.6814 4.2430
6.1287 12.8560 9.4695
6.1287 12.8560 -0.9835
1.9606 9.1259 4.2430
3.7277 10.8834 4.2430
1.6027 11.4020 5.6059
1.6027 11.4020 2.8801
0.6798 13.6091 4.2430
3.7558 13.0962 5.8927
3.7558 13.0962 2.5933
2.2195 10.7473 4.2430
0.0833 12.4818 2.8292
0.0833 12.4818 -2.8292
-0.4546 8.8224 -0.0000
-6.5430 12.6479 0.0000
3.5029 13.8046 5.2265
3.5029 13.8046 -5.2265
0.1426 9.3330 0.0000
1.5328 11.4015 0.0000
-0.6526 11.4956 1.3629
-0.6526 11.4956 -1.3629
-1.9883 13.4803 -0.0000
1.1287 13.5773 1.6497
1.1287 13.5773 -1.6497
0.0802 10.9738 0.0000
-2.3534 12.2583 7.0722
-2.3534 12.2583 1.4138
-2.1670 8.5642 4.2430
-8.8848 11.1284 4.2430
0.7424 14.2228 9.4695
0.7424 14.2228 -0.9835
-1.6809 9.1815 4.2430
-0.7210 11.4815 4.2430
-2.8827 11.1474 5.6059
-2.8827 11.1474 2.8801
-4.5799 12.8334 4.2430
-1.5418 13.5366 5.8927
-1.5418 13.5366 2.5933
-2.0623 10.7786 4.2430
-4.6996 11.5636 2.8292
-4.6996 11.5636 -2.8292
-3.7962 7.9769 -0.0000
-10.8851 9.1813 0.0000
-2.0466 14.0943 5.2265
-2.0466 14.0943 -5.2265
-3.4399 8.6772 0.0000
-2.9471 11.1202 0.0000
-5.0021 10.3708 1.3629
-5.0021 10.3708 -1.3629
-6.9956 11.6933 -0.0000
-4.1531 12.9757 1.6497
-4.1531 12.9757 -1.6497
-4.1254 10.1692 0.0000
-6.8653 10.4246 7.0722
-6.8653 10.4246 1.4138
-5.2795 7.0830 4.2430
-12.4671 6.8813 4.2430
-4.7569 13.4242 9.4695
-4.7569 13.4242 -0.9835
-5.0666 7.8393 4.2430
-5.0599 10.3316 4.2430
-6.9292 9.1957 5.6059
-6.9292 9.1957 2.8801
-9.1424 10.1038 4.2430
-6.6047 11.9162 5.8927
-6.6047 11.9162 2.5933
-6.0301 9.1689 4.2430
-8.7671 8.8849 2.8292
-8.7671 8.8849 -2.8292
-6.5598 5.9169 -0.0000
-13.5700 4.3169 0.0000
-7.2845 12.2382 5.2265
-7.2845 12.2382 -5.2265
-6.4986 6.7003 0.0000
-6.9783 9.1460 0.0000
-8.5901 7.6672 1.3629
-8.5901 7.6672 -1.3629
-10.9379 8.1261 -0.0000
-8.8025 10.3987 1.6497
-8.8025 10.3987 -1.6497
-7.7030 7.8163 0.0000
-10.3320 7.0038 7.0722
-10.3320 7.0038 1.4138
-7.5881 4.5235 4.2430
-14.1515 1.5865 4.2430
-9.5321 10.5820 9.4695
-9.5321 10.5820 -0.9835
-7.6809 5.3037 4.2430
-8.6285 7.6088 4.2430
-9.9208 5.8440 5.6059
-9.9208 5.8440 2.8801
-12.3131 5.8361 4.2430
-10.6620 8.4816 5.8927
-10.6620 8.4816 2.5933
-9.0799 6.1634 4.2430
-11.4998 4.8536 2.8292
-11.4998 4.8536 -2.8292
-8.3248 2.9562 -0.0000
-14.1891 -1.2048 0.0000
-11.4133 8.5190 5.2265
-11.4133 8.5190 -5.2265
-8.5680 3.7033 0.0000
-9.9471 5.7793 0.0000
-10.8703 3.7963 1.3629
-10.8703 3.7963 -1.3629
-13.2150 3.3218 -0.0000
-12.1119 6.2386 1.6497
-12.1119 6.2386 -1.6497
-10.1078 4.2736 0.0000
-12.2257 2.5168 7.0722
-12.2257 2.5168 1.4138
-8.7416 1.2753 4.2430
-13.6814 -3.9498 4.2430
-12.8560 6.1287 9.4695
-12.8560 6.1287 -0.9835
-9.1259 1.9606 4.2430
-10.8834 3.7277 4.2430
-11.4020 1.6027 5.6059
-11.4020 1.6027 2.8801
-13.6091 0.6798 4.2430
-13.0962 3.7558 5.8927
-13.0962 3.7558 2.5933
-10.7473 2.2195 4.2430
-12.4818 0.0833 2.8292
-12.4818 0.0833 -2.8292
-8.8224 -0.4546 -0.0000
-12.6479 -6.5430 0.0000
-13.8046 3.5029 5.2265
-13.8046 3.5029 -5.2265
-9.3330 0.1426 0.0000
-11.4015 1.5328 0.0000
-11.4956 -0.6526 1.3629
-11.4956 -0.6526 -1.3629
-13.4803 -1.9883 -0.0000
-13.5773 1.1287 1.6497
-13.5773 1.1287 -1.6497
-10.9738 0.0802 0.0000
-12.2583 -2.3534 7.0722
-12.2583 -2.3534 1.4138
-8.5642 -2.1670 4.2430
-11.1284 -8.8848 4.2430
-14.2228 0.7424 9.4695
-14.2228 0.7424 -0.9835
-9.1815 -1.6809 4.2430
-11.4815 -0.7210 4.2430
-11.1474 -2.8827 5.6059
-11.1474 -2.8827 2.8801
-12.8334 -4.5799 4.2430
-13.5366 -1.5418 5.8927
-13.5366 -1.5418 2.5933
-10.7786 -2.0623 4.2430
-11.5636 -4.6996 2.8292
-11.5636 -4.6996 -2.8292
-7.9769 -3.7962 -0.0000
-9.1813 -10.8851 0.0000
-14.0943 -2.0466 5.2265
-14.0943 -2.0466 -5.2265
-8.6772 -3.4399 0.0000
-11.1202 -2.9471 0.0000
-10.3708 -5.0021 1.3629
-10.3708 -5.0021 -1.3629
-11.6933 -6.9956 -0.0000
-12.9757 -4.1531 1.6497
-12.9757 -4.1531 -1.6497
-10.1692 -4.1254 0.0000
-10.4246 -6.8653 7.0722
-10.4246 -6.8653 1.4138
-7.0830 -5.2795 4.2430
-6.8813 -12.4671 4.2430
-13.4242 -4.7569 9.4695
-13.4242 -4.7569 -0.9835
-7.8393 -5.0666 4.2430
-10.3316 -5.0599 4.2430
-9.1957 -6.9292 5.6059
-9.1957 -6.9292 2.8801
-10.1038 -9.1424 4.2430
-11.9162 -6.6047 5.8927
-11.9162 -6.6047 2.5933
-9.1689 -6.0301 4.2430
-8.8849 -8.7671 2.8292
-8.8849 -8.7671 -2.8292
-5.9169 -6.5598 -0.0000
-4.3169 -13.5700 0.0000
-12.2382 -7.2845 5.2265
-12.2382 -7.2845 -5.2265
-6.7003 -6.4986 0.0000
-9.1460 -6.9783 0.0000
-7.6672 -8.5901 1.3629
-7.6672 -8.5901 -1.3629
-8.1261 -10.9379 -0.0000
-10.3987 -8.8025 1.6497
-10.3987 -8.8025 -1.6497
-7.8163 -7.7030 0.0000
-7.0038 -10.3320 7.0722
-7.0038 -10.3320 1.4138
-4.5235 -7.5881 4.2430
-1.5865 -14.1515 4.2430
-10.5820 -9.5321 9.4695
-10.5820 -9.5321 -0.9835
-5.3037 -7.6809 4.2430
-7.6088 -8.6285 4.2430
-5.8440 -9.9208 5.6059
-5.8440 -9.9208 2.8801
-5.8361 -12.3131 4.2430
-8.4816 -10.6620 5.8927
-8.4816 -10.6620 2.5933
-6.1634 -9.0799 4.2430
-4.8536 -11.4998 2.8292
-4.8536 -11.4998 -2.8292
-2.9562 -8.3248 -0.0000
1.2048 -14.1891 0.0000
-8.5190 -11.4133 5.2265
-8.5190 -11.4133 -5.2265
-3.7033 -8.5680 0.0000
-5.7793 -9.9471 0.0000
-3.7963 -10.8703 1.3629
-3.7963 -10.8703 -1.3629
-3.3218 -13.2150 -0.0000
-6.2386 -12.1119 1.6497
-6.2386 -12.1119 -1.6497
-4.2736 -10.1078 0.0000
-2.5168 -12.2257 7.0722
-2.5168 -12.2257 1.4138
-1.2753 -8.7416 4.2430
3.9498 -13.6814 4.2430
-6.1287 -12.8560 9.4695
-6.1287 -12.8560 -0.9835
-1.9606 -9.1259 4.2430
-3.7277 -10.8834 4.2430
-1.6027 -11.4020 5.6059
-1.6027 -11.4020 2.8801
-0.6798 -13.6091 4.2430
-3.7558 -13.0962 5.8927
-3.7558 -13.0962 2.5933
-2.2195 -10.7473 4.2430
-0.0833 -12.4818 2.8292
-0.0833 -12.4818 -2.8292
0.4546 -8.8224 -0.0000
6.5430 -12.6479 0.0000
-3.5029 -13.8046 5.2265
-3.5029 -13.8046 -5.2265
-0.1426 -9.3330 0.0000
-1.5328 -11.4015 0.0000
0.6526 -11.4956 1.3629
0.6526 -11.4956 -1.3629
1.9883 -13.4803 -0.0000
-1.1287 -13.5773 1.6497
-1.1287 -13.5773 -1.6497
-0.0802 -10.9738 0.0000
2.3534 -12.2583 7.0722
2.3534 -12.2583 1.4138
2.1670 -8.5642 4.2430
8.8848 -11.1284 4.2430
-0.7424 -14.2228 9.4695
-0.7424 -14.2228 -0.9835
1.6809 -9.1815 4.2430
0.7210 -11.4815 4.2430
2.8827 -11.1474 5.6059
2.8827 -11.1474 2.8801
4.5799 -12.8334 4.2430
1.5418 -13.5366 5.8927
1.5418 -13.5366 2.5933
2.0623 -10.7786 4.2430
4.6996 -11.5636 2.8292
4.6996 -11.5636 -2.8292
3.7962 -7.9769 -0.0000
10.8851 -9.1813 0.0000
2.0466 -14.0943 5.2265
2.0466 -14.0943 -5.2265
3.4399 -8.6772 0.0000
2.9471 -11.1202 0.0000
5.0021 -10.3708 1.3629
5.0021 -10.3708 -1.3629
6.9956 -11.6933 -0.0000
4.1531 -12.9757 1.6497
4.1531 -12.9757 -1.6497
4.1254 -10.1692 0.0000
6.8653 -10.4246 7.0722
6.8653 -10.4246 1.4138
5.2795 -7.0830 4.2430
12.4671 -6.8813 4.2430
4.7569 -13.4242 9.4695
4.7569 -13.4242 -0.9835
5.0666 -7.8393 4.2430
5.0599 -10.3316 4.2430
6.9292 -9.1957 5.6059
6.9292 -9.1957 2.8801
9.1424 -10.1038 4.2430
6.6047 -11.9162 5.8927
6.6047 -11.9162 2.5933
6.0301 -9.1689 4.2430
8.7671 -8.8849 2.8292
8.7671 -8.8849 -2.8292
6.5598 -5.9169 -0.0000
13.5700 -4.3169 0.0000
7.2845 -12.2382 5.2265
7.2845 -12.2382 -5.2265
6.4986 -6.7003 0.0000
6.9783 -9.1460 0.0000
8.5901 -7.6672 1.3629
8.5901 -7.6672 -1.3629
10.9379 -8.1261 -0.0000
8.8025 -10.3987 1.6497
8.8025 -10.3987 -1.6497
7.7030 -7.8163 0.0000
10.3320 -7.0038 7.0722
10.3320 -7.0038 1.4138
7.5881 -4.5235 4.2430
14.1515 -1.5865 4.2430
9.5321 -10.5820 9.4695
9.5321 -10.5820 -0.9835
7.6809 -5.3037 4.2430
8.6285 -7.6088 4.2430
9.9208 -5.8440 5.6059
9.9208 -5.8440 2.8801
12.3131 -5.8361 4.2430
10.6620 -8.4816 5.8927
10.6620 -8.4816 2.5933
9.0799 -6.1634 4.2430
11.4998 -4.8536 2.8292
11.4998 -4.8536 -2.8292
8.3248 -2.9562 -0.0000
14.1891 1.2048 0.0000
11.4133 -8.5190 5.2265
11.4133 -8.5190 -5.2265
8.5680 -3.7033 0.0000
9.9471 -5.7793 0.0000
10.8703 -3.7963 1.3629
10.8703 -3.7963 -1.3629
13.2150 -3.3218 -0.0000
12.1119 -6.2386 1.6497
12.1119 -6.2386 -1.6497
10.1078 -4.2736 0.0000
12.2257 -2.5168 7.0722
12.2257 -2.5168 1.4138
8.7416 -1.2753 4.2430
13.6814 3.9498 4.2430
12.8560 -6.1287 9.4695
12.8560 -6.1287 -0.9835
9.1259 -1.9606 4.2430
10.8834 -3.7277 4.2430
11.4020 -1.6027 5.6059
11.4020 -1.6027 2.8801
13.6091 -0.6798 4.2430
13.0962 -3.7558 5.8927
13.0962 -3.7558 2.5933
10.7473 -2.2195 4.2430
