-0.08333484 2.82923288 -0.00084900
-0.08333484 -2.82923288 -0.00084900
0.64265871 -0.00000000 -3.64884900
5.95942178 0.00000000 1.75715100
-3.10201703 5.22652828 1.75915100
-3.10201703 -5.22652828 1.75915100
-0.19068973 0.00000000 -3.14884900
-1.66816750 0.00000000 -0.97884900
0.70785597 1.36285183 -0.96884900
0.70785597 -1.36285183 -0.96884900
1.82797432 -0.00000000 1.14315100
-1.03531289 1.64967868 1.14115100
-1.03531289 -1.64967868 1.14115100
-0.09117812 0.00000000 -1.50884900
2.36768999 7.07223359 -0.00084900
2.36768999 1.41376784 -0.00084900
3.09368355 4.24300071 -3.64884900
8.41044662 4.24300071 1.75715100
-0.65099220 9.46952900 1.75915100
-0.65099220 -0.98352757 1.75915100
2.26033510 4.24300071 -3.14884900
0.78285733 4.24300071 -0.97884900
3.15888081 5.60585254 -0.96884900
3.15888081 2.88014889 -0.96884900
4.27899916 4.24300071 1.14315100
1.41571194 5.89267939 1.14115100
1.41571194 2.59332204 1.14115100
2.35984671 4.24300071 -1.50884900
4.81871483 2.82923288 -0.00084900
4.81871483 -2.82923288 -0.00084900
5.54470838 -0.00000000 -3.64884900
10.86147145 0.00000000 1.75715100
1.80003264 5.22652828 1.75915100
1.80003264 -5.22652828 1.75915100
4.71135994 0.00000000 -3.14884900
3.23388217 0.00000000 -0.97884900
5.60990564 1.36285183 -0.96884900
5.60990564 -1.36285183 -0.96884900
6.73002399 -0.00000000 1.14315100
3.86673678 1.64967868 1.14115100
3.86673678 -1.64967868 1.14115100
4.81087155 0.00000000 -1.50884900
7.26973966 7.07223359 -0.00084900
7.26973966 1.41376784 -0.00084900
7.99573322 4.24300071 -3.64884900
13.31249629 4.24300071 1.75715100
4.25105747 9.46952900 1.75915100
4.25105747 -0.98352757 1.75915100
7.16238477 4.24300071 -3.14884900
5.68490700 4.24300071 -0.97884900
8.06093048 5.60585254 -0.96884900
8.06093048 2.88014889 -0.96884900
9.18104883 4.24300071 1.14315100
6.31776161 5.89267939 1.14115100
6.31776161 2.59332204 1.14115100
7.26189638 4.24300071 -1.50884900
9.72076450 2.82923288 -0.00084900
9.72076450 -2.82923288 -0.00084900
10.44675805 -0.00000000 -3.64884900
15.76352112 0.00000000 1.75715100
6.70208231 5.22652828 1.75915100
6.70208231 -5.22652828 1.75915100
9.61340961 0.00000000 -3.14884900
8.13593184 0.00000000 -0.97884900
10.51195531 1.36285183 -0.96884900
10.51195531 -1.36285183 -0.96884900
11.63207366 -0.00000000 1.14315100
8.76878645 1.64967868 1.14115100
8.76878645 -1.64967868 1.14115100
9.71292122 0.00000000 -1.50884900
12.17178933 7.07223359 -0.00084900
12.17178933 1.41376784 -0.00084900
12.89778289 4.24300071 -3.64884900
18.21454596 4.24300071 1.75715100
9.15310714 9.46952900 1.75915100
9.15310714 -0.98352757 1.75915100
12.06443444 4.24300071 -3.14884900
10.58695667 4.24300071 -0.97884900
12.96298015 5.60585254 -0.96884900
12.96298015 2.88014889 -0.96884900
14.08309850 4.24300071 1.14315100
11.21981128 5.89267939 1.14115100
11.21981128 2.59332204 1.14115100
12.16394605 4.24300071 -1.50884900
14.62281417 2.82923288 -0.00084900
14.62281417 -2.82923288 -0.00084900
15.34880772 -0.00000000 -3.64884900
20.66557079 0.00000000 1.75715100
11.60413198 5.22652828 1.75915100
11.60413198 -5.22652828 1.75915100
14.51545928 0.00000000 -3.14884900
13.03798151 0.00000000 -0.97884900
15.41400498 1.36285183 -0.96884900
15.41400498 -1.36285183 -0.96884900
16.53412333 -0.00000000 1.14315100
13.67083612 1.64967868 1.14115100
13.67083612 -1.64967868 1.14115100
14.61497089 0.00000000 -1.50884900
17.07383900 7.07223359 -0.00084900
17.07383900 1.41376784 -0.00084900
17.79983256 4.24300071 -3.64884900
23.11659563 4.24300071 1.75715100
14.05515681 9.46952900 1.75915100
14.05515681 -0.98352757 1.75915100
16.96648411 4.24300071 -3.14884900
15.48900634 4.24300071 -0.97884900
17.86502982 5.60585254 -0.96884900
17.86502982 2.88014889 -0.96884900
18.98514817 4.24300071 1.14315100
16.12186095 5.89267939 1.14115100
16.12186095 2.59332204 1.14115100
17.06599572 4.24300071 -1.50884900
19.52486384 2.82923288 -0.00084900
19.52486384 -2.82923288 -0.00084900
20.25085739 -0.00000000 -3.64884900
25.56762046 0.00000000 1.75715100
16.50618165 5.22652828 1.75915100
16.50618165 -5.22652828 1.75915100
19.41750895 0.00000000 -3.14884900
17.94003118 0.00000000 -0.97884900
20.31605465 1.36285183 -0.96884900
20.31605465 -1.36285183 -0.96884900
21.43617300 -0.00000000 1.14315100
18.57288579 1.64967868 1.14115100
18.57288579 -1.64967868 1.14115100
19.51702056 0.00000000 -1.50884900
21.97588867 7.07223359 -0.00084900
21.97588867 1.41376784 -0.00084900
22.70188223 4.24300071 -3.64884900
28.01864530 4.24300071 1.75715100
18.95720648 9.46952900 1.75915100
18.95720648 -0.98352757 1.75915100
21.86853378 4.24300071 -3.14884900
20.39105601 4.24300071 -0.97884900
22.76707949 5.60585254 -0.96884900
22.76707949 2.88014889 -0.96884900
23.88719784 4.24300071 1.14315100
21.02391062 5.89267939 1.14115100
21.02391062 2.59332204 1.14115100
21.96804539 4.24300071 -1.50884900
24.42691351 2.82923288 -0.00084900
24.42691351 -2.82923288 -0.00084900
25.15290706 -0.00000000 -3.64884900
30.46967013 0.00000000 1.75715100
21.40823132 5.22652828 1.75915100
21.40823132 -5.22652828 1.75915100
24.31955862 0.00000000 -3.14884900
22.84208085 0.00000000 -0.97884900
25.21810432 1.36285183 -0.96884900
25.21810432 -1.36285183 -0.96884900
26.33822267 -0.00000000 1.14315100
23.47493546 1.64967868 1.14115100
23.47493546 -1.64967868 1.14115100
24.41907023 0.00000000 -1.50884900
26.87793834 7.07223359 -0.00084900
26.87793834 1.41376784 -0.00084900
27.60393190 4.24300071 -3.64884900
32.92069497 4.24300071 1.75715100
23.85925615 9.46952900 1.75915100
23.85925615 -0.98352757 1.75915100
26.77058345 4.24300071 -3.14884900
25.29310568 4.24300071 -0.97884900
27.66912916 5.60585254 -0.96884900
27.66912916 2.88014889 -0.96884900
28.78924751 4.24300071 1.14315100
25.92596029 5.89267939 1.14115100
25.92596029 2.59332204 1.14115100
26.87009506 4.24300071 -1.50884900
29.32896318 2.82923288 -0.00084900
29.32896318 -2.82923288 -0.00084900
30.05495673 -0.00000000 -3.64884900
35.37171980 0.00000000 1.75715100
26.31028099 5.22652828 1.75915100
26.31028099 -5.22652828 1.75915100
29.22160829 0.00000000 -3.14884900
27.74413052 0.00000000 -0.97884900
30.12015399 1.36285183 -0.96884900
30.12015399 -1.36285183 -0.96884900
31.24027234 -0.00000000 1.14315100
28.37698513 1.64967868 1.14115100
28.37698513 -1.64967868 1.14115100
29.32111990 0.00000000 -1.50884900
31.77998801 7.07223359 -0.00084900
31.77998801 1.41376784 -0.00084900
32.50598157 4.24300071 -3.64884900
37.82274464 4.24300071 1.75715100
28.76130582 9.46952900 1.75915100
28.76130582 -0.98352757 1.75915100
31.67263312 4.24300071 -3.14884900
30.19515535 4.24300071 -0.97884900
32.57117883 5.60585254 -0.96884900
32.57117883 2.88014889 -0.96884900
33.69129718 4.24300071 1.14315100
30.82800996 5.89267939 1.14115100
30.82800996 2.59332204 1.14115100
31.77214473 4.24300071 -1.50884900
34.23101285 2.82923288 -0.00084900
34.23101285 -2.82923288 -0.00084900
34.95700640 -0.00000000 -3.64884900
40.27376947 0.00000000 1.75715100
31.21233066 5.22652828 1.75915100
31.21233066 -5.22652828 1.75915100
34.12365796 0.00000000 -3.14884900
32.64618019 0.00000000 -0.97884900
35.02220366 1.36285183 -0.96884900
35.02220366 -1.36285183 -0.96884900
36.14232201 -0.00000000 1.14315100
33.27903480 1.64967868 1.14115100
33.27903480 -1.64967868 1.14115100
34.22316957 0.00000000 -1.50884900
36.68203768 7.07223359 -0.00084900
36.68203768 1.41376784 -0.00084900
37.40803124 4.24300071 -3.64884900
42.72479431 4.24300071 1.75715100
33.66335549 9.46952900 1.75915100
33.66335549 -0.98352757 1.75915100
36.57468279 4.24300071 -3.14884900
35.09720502 4.24300071 -0.97884900
37.47322850 5.60585254 -0.96884900
37.47322850 2.88014889 -0.96884900
38.59334685 4.24300071 1.14315100
35.73005963 5.89267939 1.14115100
35.73005963 2.59332204 1.14115100
36.67419440 4.24300071 -1.50884900
39.13306252 2.82923288 -0.00084900
39.13306252 -2.82923288 -0.00084900
39.85905607 -0.00000000 -3.64884900
45.17581914 0.00000000 1.75715100
36.11438033 5.22652828 1.75915100
36.11438033 -5.22652828 1.75915100
39.02570763 0.00000000 -3.14884900
37.54822986 0.00000000 -0.97884900
39.92425333 1.36285183 -0.96884900
39.92425333 -1.36285183 -0.96884900
41.04437168 -0.00000000 1.14315100
38.18108447 1.64967868 1.14115100
38.18108447 -1.64967868 1.14115100
39.12521924 0.00000000 -1.50884900
41.58408735 7.07223359 -0.00084900
41.58408735 1.41376784 -0.00084900
42.31008091 4.24300071 -3.64884900
47.62684398 4.24300071 1.75715100
38.56540516 9.46952900 1.75915100
38.56540516 -0.98352757 1.75915100
41.47673246 4.24300071 -3.14884900
39.99925469 4.24300071 -0.97884900
42.37527817 5.60585254 -0.96884900
42.37527817 2.88014889 -0.96884900
43.49539652 4.24300071 1.14315100
40.63210930 5.89267939 1.14115100
40.63210930 2.59332204 1.14115100
41.57624407 4.24300071 -1.50884900
44.03511219 2.82923288 -0.00084900
44.03511219 -2.82923288 -0.00084900
44.76110574 -0.00000000 -3.64884900
50.07786881 0.00000000 1.75715100
41.01643000 5.22652828 1.75915100
41.01643000 -5.22652828 1.75915100
43.92775730 0.00000000 -3.14884900
42.45027953 0.00000000 -0.97884900
44.82630300 1.36285183 -0.96884900
44.82630300 -1.36285183 -0.96884900
45.94642135 -0.00000000 1.14315100
43.08313414 1.64967868 1.14115100
43.08313414 -1.64967868 1.14115100
44.02726891 0.00000000 -1.50884900
46.48613702 7.07223359 -0.00084900
46.48613702 1.41376784 -0.00084900
47.21213058 4.24300071 -3.64884900
52.52889365 4.24300071 1.75715100
43.46745483 9.46952900 1.75915100
43.46745483 -0.98352757 1.75915100
46.37878213 4.24300071 -3.14884900
44.90130436 4.24300071 -0.97884900
47.27732784 5.60585254 -0.96884900
47.27732784 2.88014889 -0.96884900
48.39744619 4.24300071 1.14315100
45.53415897 5.89267939 1.14115100
45.53415897 2.59332204 1.14115100
46.47829374 4.24300071 -1.50884900
48.93716186 2.82923288 -0.00084900
48.93716186 -2.82923288 -0.00084900
49.66315541 -0.00000000 -3.64884900
54.97991848 0.00000000 1.75715100
45.91847967 5.22652828 1.75915100
45.91847967 -5.22652828 1.75915100
48.82980697 0.00000000 -3.14884900
47.35232920 0.00000000 -0.97884900
49.72835267 1.36285183 -0.96884900
49.72835267 -1.36285183 -0.96884900
50.84847102 -0.00000000 1.14315100
47.98518381 1.64967868 1.14115100
47.98518381 -1.64967868 1.14115100
48.92931858 0.00000000 -1.50884900
51.38818669 7.07223359 -0.00084900
51.38818669 1.41376784 -0.00084900
52.11418025 4.24300071 -3.64884900
57.43094332 4.24300071 1.75715100
48.36950450 9.46952900 1.75915100
48.36950450 -0.98352757 1.75915100
51.28083180 4.24300071 -3.14884900
49.80335403 4.24300071 -0.97884900
52.17937751 5.60585254 -0.96884900
52.17937751 2.88014889 -0.96884900
53.29949586 4.24300071 1.14315100
50.43620864 5.89267939 1.14115100
50.43620864 2.59332204 1.14115100
51.38034341 4.24300071 -1.50884900
53.83921153 2.82923288 -0.00084900
53.83921153 -2.82923288 -0.00084900
54.56520508 -0.00000000 -3.64884900
59.88196815 0.00000000 1.75715100
50.82052934 5.22652828 1.75915100
50.82052934 -5.22652828 1.75915100
53.73185664 0.00000000 -3.14884900
52.25437887 0.00000000 -0.97884900
54.63040234 1.36285183 -0.96884900
54.63040234 -1.36285183 -0.96884900
55.75052069 -0.00000000 1.14315100
52.88723348 1.64967868 1.14115100
52.88723348 -1.64967868 1.14115100
53.83136825 0.00000000 -1.50884900
56.29023636 7.07223359 -0.00084900
56.29023636 1.41376784 -0.00084900
57.01622992 4.24300071 -3.64884900
62.33299299 4.24300071 1.75715100
53.27155417 9.46952900 1.75915100
53.27155417 -0.98352757 1.75915100
56.18288147 4.24300071 -3.14884900
54.70540370 4.24300071 -0.97884900
57.08142718 5.60585254 -0.96884900
57.08142718 2.88014889 -0.96884900
58.20154553 4.24300071 1.14315100
55.33825831 5.89267939 1.14115100
55.33825831 2.59332204 1.14115100
56.28239308 4.24300071 -1.50884900
58.74126120 2.82923288 -0.00084900
58.74126120 -2.82923288 -0.00084900
59.46725475 -0.00000000 -3.64884900
64.78401782 0.00000000 1.75715100
55.72257901 5.22652828 1.75915100
55.72257901 -5.22652828 1.75915100
58.63390631 0.00000000 -3.14884900
57.15642854 0.00000000 -0.97884900
59.53245201 1.36285183 -0.96884900
59.53245201 -1.36285183 -0.96884900
60.65257036 -0.00000000 1.14315100
57.78928315 1.64967868 1.14115100
57.78928315 -1.64967868 1.14115100
58.73341792 0.00000000 -1.50884900
61.19228603 7.07223359 -0.00084900
61.19228603 1.41376784 -0.00084900
61.91827959 4.24300071 -3.64884900
67.23504266 4.24300071 1.75715100
58.17360384 9.46952900 1.75915100
58.17360384 -0.98352757 1.75915100
61.08493114 4.24300071 -3.14884900
59.60745337 4.24300071 -0.97884900
61.98347685 5.60585254 -0.96884900
61.98347685 2.88014889 -0.96884900
63.10359520 4.24300071 1.14315100
60.24030798 5.89267939 1.14115100
60.24030798 2.59332204 1.14115100
61.18444275 4.24300071 -1.50884900
63.64331087 2.82923288 -0.00084900
63.64331087 -2.82923288 -0.00084900
64.36930442 -0.00000000 -3.64884900
69.68606749 0.00000000 1.75715100
60.62462868 5.22652828 1.75915100
60.62462868 -5.22652828 1.75915100
63.53595598 0.00000000 -3.14884900
62.05847821 0.00000000 -0.97884900
64.43450168 1.36285183 -0.96884900
64.43450168 -1.36285183 -0.96884900
65.55462003 -0.00000000 1.14315100
62.69133282 1.64967868 1.14115100
62.69133282 -1.64967868 1.14115100
63.63546759 0.00000000 -1.50884900
66.09433570 7.07223359 -0.00084900
66.09433570 1.41376784 -0.00084900
66.82032926 4.24300071 -3.64884900
72.13709233 4.24300071 1.75715100
63.07565351 9.46952900 1.75915100
63.07565351 -0.98352757 1.75915100
65.98698081 4.24300071 -3.14884900
64.50950304 4.24300071 -0.97884900
66.88552652 5.60585254 -0.96884900
66.88552652 2.88014889 -0.96884900
68.00564487 4.24300071 1.14315100
65.14235765 5.89267939 1.14115100
65.14235765 2.59332204 1.14115100
66.08649242 4.24300071 -1.50884900
68.54536054 2.82923288 -0.00084900
68.54536054 -2.82923288 -0.00084900
69.27135409 -0.00000000 -3.64884900
74.58811716 0.00000000 1.75715100
65.52667835 5.22652828 1.75915100
65.52667835 -5.22652828 1.75915100
68.43800565 0.00000000 -3.14884900
66.96052788 0.00000000 -0.97884900
69.33655135 1.36285183 -0.96884900
69.33655135 -1.36285183 -0.96884900
70.45666970 -0.00000000 1.14315100
67.59338249 1.64967868 1.14115100
67.59338249 -1.64967868 1.14115100
68.53751726 0.00000000 -1.50884900
70.99638537 7.07223359 -0.00084900
70.99638537 1.41376784 -0.00084900
71.72237893 4.24300071 -3.64884900
77.03914200 4.24300071 1.75715100
67.97770318 9.46952900 1.75915100
67.97770318 -0.98352757 1.75915100
70.88903048 4.24300071 -3.14884900
69.41155271 4.24300071 -0.97884900
71.78757619 5.60585254 -0.96884900
71.78757619 2.88014889 -0.96884900
72.90769454 4.24300071 1.14315100
70.04440732 5.89267939 1.14115100
70.04440732 2.59332204 1.14115100
70.98854209 4.24300071 -1.50884900
73.44741021 2.82923288 -0.00084900
73.44741021 -2.82923288 -0.00084900
74.17340376 -0.00000000 -3.64884900
79.49016683 0.00000000 1.75715100
70.42872802 5.22652828 1.75915100
70.42872802 -5.22652828 1.75915100
73.34005532 0.00000000 -3.14884900
71.86257755 0.00000000 -0.97884900
74.23860102 1.36285183 -0.96884900
74.23860102 -1.36285183 -0.96884900
75.35871937 -0.00000000 1.14315100
72.49543216 1.64967868 1.14115100
72.49543216 -1.64967868 1.14115100
73.43956693 0.00000000 -1.50884900
75.89843504 7.07223359 -0.00084900
75.89843504 1.41376784 -0.00084900
76.62442860 4.24300071 -3.64884900
81.94119167 4.24300071 1.75715100
72.87975285 9.46952900 1.75915100
72.87975285 -0.98352757 1.75915100
75.79108015 4.24300071 -3.14884900
74.31360238 4.24300071 -0.97884900
76.68962586 5.60585254 -0.96884900
76.68962586 2.88014889 -0.96884900
77.80974421 4.24300071 1.14315100
74.94645699 5.89267939 1.14115100
74.94645699 2.59332204 1.14115100
75.89059176 4.24300071 -1.50884900
